New York, Central Park:40.764871:-73.9734972
Myrtle Beach:33.714451:-78.877194
San Francisco:37.779669:-122.411384
Santa Monica:34.012257:-118.494415
Tokyo, Shinjuku Chuo Park:35.689456:139.690797
Tokyo, Disneyland:35.633511:139.879925
Hong Kong:22.285661:114.150202
Sydney Hyde Park:-33.8688197:151.20929550000005
NewDelhi:28.6139391:77.20902120000005
WashingtonDC:38.9071923:-77.03687070000001
Beijing:39.904211:116.40739499999995
Berlin:52.52000659999999:13.404953999999975
Paris:48.85661400000001:2.3522219000000177
Moscow:55.755826:37.6173
Mumbai:19.0759837:72.87765590000004
Seoul:37.566535:126.97796919999996
Toronto:43.653226:-79.38318429999998
Manchester:53.4807593:-2.2426305000000184
Kolkata:22.572646:88.36389499999996
Shanghai:31.230416:121.473701
Kiev:50.4501:30.523400000000038
Manila:14.5995124:120.9842195
Istanbul:41.0082376:28.97835889999999
Madrid:40.4167754:-3.7037901999999576
Montgomery:32.3754:-86.299675
Juneau:58.3637:-134.5721
Phoenix:33.4483:-112.0738
Little Rock:34.7244:-92.2789
Sacramento:38.5737:-121.4871
Denver:39.7551:-104.9881
Hartford:41.7665:-72.6732
Dover:39.1615:-75.5136
Tallahassee:30.4382:-84.2806
Atlanta:33.7545:-84.3897
Honolulu (on Oahu):21.2920:-157.8219
Boise:43.6021:-116.2125
Springfield:39.8018:-89.6533
Indianapolis:39.7670:-86.1563
Des Moines:41.5888:-93.6203
Topeka:39.0474:-95.6815
Frankfort:38.1894:-84.8715
Baton Rouge:30.4493:-91.1882
Augusta:44.3294:-69.7323
Annapolis:38.9693:-76.5197
Boston:42.3589:-71.0568
Lansing:42.7336:-84.5466
Saint Paul:44.9446:-93.1027
Jackson:32.3122:-90.1780
Jefferson City:38.5698:-92.1941
Helena:46.5911:-112.0205
Lincoln:40.8136:-96.7026
Carson City:39.1501:-119.7519
Concord:43.2314:-71.5597
Trenton:40.2202:-74.7642
Santa Fe:35.6816:-105.9381
Albany:42.6517:-73.7551
Raleigh:35.7797:-78.6434
Bismarck:46.8084:-100.7694
Columbus:39.9622:-83.0007
Oklahoma City:35.4931:-97.4591
Salem:44.9370:-123.0272
Harrisburg:40.2740:-76.8849
Providence:41.8270:-71.4087
Columbia:34.0007:-81.0353
Pierre:44.3776:-100.3177
Nashville:36.1589:-86.7821
Austin:30.2687:-97.7452
Salt Lake City:40.7716:-111.8882
Montpelier:44.2627:-72.5716
Richmond:37.5408:-77.4339
Olympia:47.0449:-122.9016
Charleston:38.3533:-81.6354
Madison:43.0632:-89.4007
Cheyenne:41.1389:-104.8165
Vancouver:49.2827291:-123.12073750000002
Montreal:45.5016889:-73.56725599999999
